Flux_10b_mean: 59.75866325285864
Flux_20b_mean: 44.55851829075546
Flux_dis_10_1_mean: 911.5605183504865
Flux_dis_10_mean: 907.4771023208137
Flux_dis_20_1_mean: 651.5994184725138
Flux_dis_20_mean: 616.8553167668304
Flux_selected_10b_mean: 60.174159745791144
Flux_selected_20b_mean: 48.400424408857646
Global_mean_flux_10: 231.38363322699485
Global_mean_flux_20: 174.9866748457748
Global_mean_flux_dis_10: 3446.9528681850406
Global_mean_flux_dis_20: 2531.5082615490824
Global_mean_flux_dis_selected_10: 5528.015227360699
Global_mean_flux_dis_selected_20: 4057.6784743905505
Global_mean_flux_selected_10: 401.4158711574342
Global_mean_flux_selected_20: 334.2587143321851
