Flux_10b_mean: 66.10126855228926
Flux_20b_mean: 37.576282021657704
Flux_dis_10_1_mean: 912.0031637401528
Flux_dis_10_mean: 907.4771023208137
Flux_dis_20_1_mean: 662.4614630895936
Flux_dis_20_mean: 625.7190058455856
Flux_selected_10b_mean: 66.10126855228926
Flux_selected_20b_mean: 48.42010095114152
