Flux_10b_mean: 260.67824925383934
Flux_20b_mean: 222.59179950186746
Flux_dis_10_1_mean: 8748.748050264927
Flux_dis_10_mean: 3958.5815577897934
Flux_dis_20_1_mean: 5117.377040527421
Flux_dis_20_mean: 3350.7510975857354
Flux_selected_10b_mean: 612.5245760991781
Flux_selected_20b_mean: 403.6496182382492
Global_mean_flux_10: 231.38363322699485
Global_mean_flux_20: 174.9866748457748
Global_mean_flux_dis_10: 3446.9528681850406
Global_mean_flux_dis_20: 2531.5082615490824
Global_mean_flux_dis_selected_10: 5528.015227360699
Global_mean_flux_dis_selected_20: 4057.6784743905505
Global_mean_flux_selected_10: 401.4158711574342
Global_mean_flux_selected_20: 334.2587143321851
