Flux_10b_mean: 288.86839675472356
Flux_20b_mean: 234.0768796686797
Flux_dis_10_1_mean: 7977.514347571365
Flux_dis_10_mean: 3958.5815577897934
Flux_dis_20_1_mean: 4594.986469433547
Flux_dis_20_mean: 3167.7624373258705
Flux_selected_10b_mean: 477.30402849873803
Flux_selected_20b_mean: 422.2970007153215
