Flux_10b_mean: 436.01408737156845
Flux_20b_mean: 240.45962528448595
Flux_dis_10_1_mean: 10222.604245076542
Flux_dis_10_mean: 6621.178905973558
Flux_dis_20_1_mean: 6014.860697000754
Flux_dis_20_mean: 3604.249762701057
Flux_selected_10b_mean: 786.8687591938494
Flux_selected_20b_mean: 528.6461561820504
Global_mean_flux_10: 231.38363322699485
Global_mean_flux_20: 174.9866748457748
Global_mean_flux_dis_10: 3446.9528681850406
Global_mean_flux_dis_20: 2531.5082615490824
Global_mean_flux_dis_selected_10: 5528.015227360699
Global_mean_flux_dis_selected_20: 4057.6784743905505
Global_mean_flux_selected_10: 401.4158711574342
Global_mean_flux_selected_20: 334.2587143321851
