Flux_10b_mean: 480.4411343857503
Flux_20b_mean: 248.8293538374279
Flux_dis_10_1_mean: 9138.193041503278
Flux_dis_10_mean: 6519.741331318923
Flux_dis_20_1_mean: 5234.169411632834
Flux_dis_20_mean: 3479.6340538794598
Flux_selected_10b_mean: 861.7517028534951
Flux_selected_20b_mean: 514.4362802301671
