Flux_10b_mean: 49.82098430864697
Flux_20b_mean: 27.249443308138787
Flux_dis_10_1_mean: 740.1247698709708
Flux_dis_10_mean: 684.5544201358609
Flux_dis_20_1_mean: 481.3394068964247
Flux_dis_20_mean: 397.40957338153794
Flux_selected_10b_mean: 50.52878802911592
Flux_selected_20b_mean: 36.909810572843135
