Flux_10b_mean: 45.07888625127306
Flux_20b_mean: 26.51302450229041
Flux_dis_10_1_mean: 711.3258781949445
Flux_dis_10_mean: 666.0121271621362
Flux_dis_20_1_mean: 448.56683098310793
Flux_dis_20_mean: 379.4443969454861
Flux_selected_10b_mean: 49.165608207367725
Flux_selected_20b_mean: 35.41465209422746
Global_mean_flux_10: 231.38363322699485
Global_mean_flux_20: 174.9866748457748
Global_mean_flux_dis_10: 3446.9528681850406
Global_mean_flux_dis_20: 2531.5082615490824
Global_mean_flux_dis_selected_10: 5528.015227360699
Global_mean_flux_dis_selected_20: 4057.6784743905505
Global_mean_flux_selected_10: 401.4158711574342
Global_mean_flux_selected_20: 334.2587143321851
