Flux_10b_mean: 44.30998379360358
Flux_20b_mean: 50.17564362943041
Flux_dis_10_1_mean: 788.3575213086763
Flux_dis_10_mean: 672.8780984734972
Flux_dis_20_1_mean: 902.8362656506482
Flux_dis_20_mean: 747.5156927341638
Flux_selected_10b_mean: 51.91446871580531
Flux_selected_20b_mean: 63.18181121699752
Global_mean_flux_10: 231.38363322699485
Global_mean_flux_20: 174.9866748457748
Global_mean_flux_dis_10: 3446.9528681850406
Global_mean_flux_dis_20: 2531.5082615490824
Global_mean_flux_dis_selected_10: 5528.015227360699
Global_mean_flux_dis_selected_20: 4057.6784743905505
Global_mean_flux_selected_10: 401.4158711574342
Global_mean_flux_selected_20: 334.2587143321851
