Flux_10b_mean: 44.6026504411273
Flux_20b_mean: 29.87034516206477
Flux_dis_10_1_mean: 749.2807318141882
Flux_dis_10_mean: 556.6150071911679
Flux_dis_20_1_mean: 529.6202300236846
Flux_dis_20_mean: 472.51262092343006
Flux_selected_10b_mean: 51.359023463253436
Flux_selected_20b_mean: 34.575580041190314
Global_mean_flux_10: 231.38363322699485
Global_mean_flux_20: 174.9866748457748
Global_mean_flux_dis_10: 3446.9528681850406
Global_mean_flux_dis_20: 2531.5082615490824
Global_mean_flux_dis_selected_10: 5528.015227360699
Global_mean_flux_dis_selected_20: 4057.6784743905505
Global_mean_flux_selected_10: 401.4158711574342
Global_mean_flux_selected_20: 334.2587143321851
