Flux_10b_mean: 36.653893184916356
Flux_20b_mean: 31.115630933579848
Flux_dis_10_1_mean: 749.2807318141882
Flux_dis_10_mean: 556.6150071911679
Flux_dis_20_1_mean: 532.9145186764067
Flux_dis_20_mean: 472.51262092343006
Flux_selected_10b_mean: 49.34120631785401
Flux_selected_20b_mean: 35.098873417594426
