Flux_10b_mean: 59.067375354416605
Flux_20b_mean: 55.17301211985709
Flux_dis_10_1_mean: 946.5992527171095
Flux_dis_10_mean: 893.68620933845
Flux_dis_20_1_mean: 741.4107557784729
Flux_dis_20_mean: 699.6813391952088
Flux_selected_10b_mean: 64.71173071992682
Flux_selected_20b_mean: 61.23839508303064
Global_mean_flux_10: 231.38363322699485
Global_mean_flux_20: 174.9866748457748
Global_mean_flux_dis_10: 3446.9528681850406
Global_mean_flux_dis_20: 2531.5082615490824
Global_mean_flux_dis_selected_10: 5528.015227360699
Global_mean_flux_dis_selected_20: 4057.6784743905505
Global_mean_flux_selected_10: 401.4158711574342
Global_mean_flux_selected_20: 334.2587143321851
