Flux_10b_mean: 60.24333409973352
Flux_20b_mean: 57.91320618895027
Flux_dis_10_1_mean: 955.3529063556316
Flux_dis_10_mean: 896.9794120312366
Flux_dis_20_1_mean: 765.5625846255218
Flux_dis_20_mean: 719.9764636792702
Flux_selected_10b_mean: 66.21335896127657
Flux_selected_20b_mean: 62.91453241363477
