Flux_10b_mean: 25.37168054629763
Flux_20b_mean: 30.779845362095493
Flux_dis_10_1_mean: 403.1288144240484
Flux_dis_10_mean: 385.2867164337402
Flux_dis_20_1_mean: 499.0880012679019
Flux_dis_20_mean: 434.6427460466556
Flux_selected_10b_mean: 26.54660818116637
Flux_selected_20b_mean: 36.609554006050864
Global_mean_flux_10: 231.38363322699485
Global_mean_flux_20: 174.9866748457748
Global_mean_flux_dis_10: 3446.9528681850406
Global_mean_flux_dis_20: 2531.5082615490824
Global_mean_flux_dis_selected_10: 5528.015227360699
Global_mean_flux_dis_selected_20: 4057.6784743905505
Global_mean_flux_selected_10: 401.4158711574342
Global_mean_flux_selected_20: 334.2587143321851
