Flux_10b_mean: 27.49551935996618
Flux_20b_mean: 31.985280607363052
Flux_dis_10_1_mean: 403.1288144240484
Flux_dis_10_mean: 385.2867164337402
Flux_dis_20_1_mean: 525.3744258815119
Flux_dis_20_mean: 453.1416408661503
Flux_selected_10b_mean: 27.8703110022827
Flux_selected_20b_mean: 33.94127663601264
