Flux_10b_mean: 179.75134395241963
Flux_20b_mean: 104.3908192189891
Flux_dis_10_1_mean: 2914.9855177048535
Flux_dis_10_mean: 2729.6498929033605
Flux_dis_20_1_mean: 2256.746597162576
Flux_dis_20_mean: 1556.0576066574665
Flux_selected_10b_mean: 192.03289314420084
Flux_selected_20b_mean: 177.83094179837573
Global_mean_flux_10: 231.38363322699485
Global_mean_flux_20: 174.9866748457748
Global_mean_flux_dis_10: 3446.9528681850406
Global_mean_flux_dis_20: 2531.5082615490824
Global_mean_flux_dis_selected_10: 5528.015227360699
Global_mean_flux_dis_selected_20: 4057.6784743905505
Global_mean_flux_selected_10: 401.4158711574342
Global_mean_flux_selected_20: 334.2587143321851
