Flux_10b_mean: 198.3884376719471
Flux_20b_mean: 107.25318963847397
Flux_dis_10_1_mean: 2916.1538082504803
Flux_dis_10_mean: 3012.667197569545
Flux_dis_20_1_mean: 2282.3590154245335
Flux_dis_20_mean: 1612.5767253685074
Flux_selected_10b_mean: 198.3884376719471
Flux_selected_20b_mean: 186.35548705680173
