Flux_10b_mean: 33.50290827178561
Flux_20b_mean: 32.87442146491986
Flux_dis_10_1_mean: 1838.4599040213245
Flux_dis_10_mean: 508.76509719024926
Flux_dis_20_1_mean: 1179.2260863769607
Flux_dis_20_mean: 449.447145333541
Flux_selected_10b_mean: 152.6742076137236
Flux_selected_20b_mean: 117.83377075126643
Global_mean_flux_10: 231.38363322699485
Global_mean_flux_20: 174.9866748457748
Global_mean_flux_dis_10: 3446.9528681850406
Global_mean_flux_dis_20: 2531.5082615490824
Global_mean_flux_dis_selected_10: 5528.015227360699
Global_mean_flux_dis_selected_20: 4057.6784743905505
Global_mean_flux_selected_10: 401.4158711574342
Global_mean_flux_selected_20: 334.2587143321851
