Flux_10b_mean: 35.41917086903829
Flux_20b_mean: 23.898479757172808
Flux_dis_10_1_mean: 1760.58158951424
Flux_dis_10_mean: 508.76509719024926
Flux_dis_20_1_mean: 1126.0758764948112
Flux_dis_20_mean: 438.80919417899275
Flux_selected_10b_mean: 164.6883935386563
Flux_selected_20b_mean: 122.49552822342643
