Flux_10b_mean: 81.78035371518273
Flux_20b_mean: 81.54443481391114
Flux_dis_10_1_mean: 1530.3950492864838
Flux_dis_10_mean: 883.6639070233223
Flux_dis_20_1_mean: 891.6865092724863
Flux_dis_20_mean: 813.4831247129716
Flux_selected_10b_mean: 152.7058388595097
Flux_selected_20b_mean: 95.38507042030979
Global_mean_flux_10: 231.38363322699485
Global_mean_flux_20: 174.9866748457748
Global_mean_flux_dis_10: 3446.9528681850406
Global_mean_flux_dis_20: 2531.5082615490824
Global_mean_flux_dis_selected_10: 5528.015227360699
Global_mean_flux_dis_selected_20: 4057.6784743905505
Global_mean_flux_selected_10: 401.4158711574342
Global_mean_flux_selected_20: 334.2587143321851
