Flux_10b_mean: 16.035620301795895
Flux_20b_mean: 85.7679551945879
Flux_dis_10_1_mean: 1668.6643417899108
Flux_dis_10_mean: 956.5548533282847
Flux_dis_20_1_mean: 973.1226253254293
Flux_dis_20_mean: 886.0728966953095
Flux_selected_10b_mean: 167.75823521540272
Flux_selected_20b_mean: 99.59860534459477
