Flux_10b_mean: 32.32304317426904
Flux_20b_mean: 18.694958336135198
Flux_dis_10_1_mean: 1150.6223379069866
Flux_dis_10_mean: 457.1373906289385
Flux_dis_20_1_mean: 1203.4497193164295
Flux_dis_20_mean: 325.6193583270983
Flux_selected_10b_mean: 130.11373718364624
Flux_selected_20b_mean: 157.33507280328035
