Flux_10b_mean: 30.10315005967802
Flux_20b_mean: 23.599130846576053
Flux_dis_10_1_mean: 1460.7204275362028
Flux_dis_10_mean: 457.1373906289385
Flux_dis_20_1_mean: 1606.0956725811227
Flux_dis_20_mean: 357.5684032901707
Flux_selected_10b_mean: 119.13680528905343
Flux_selected_20b_mean: 151.03194284007847
Global_mean_flux_10: 231.38363322699485
Global_mean_flux_20: 174.9866748457748
Global_mean_flux_dis_10: 3446.9528681850406
Global_mean_flux_dis_20: 2531.5082615490824
Global_mean_flux_dis_selected_10: 5528.015227360699
Global_mean_flux_dis_selected_20: 4057.6784743905505
Global_mean_flux_selected_10: 401.4158711574342
Global_mean_flux_selected_20: 334.2587143321851
