Flux_10b_mean: 85.64228149089608
Flux_20b_mean: 77.93283829477647
Flux_dis_10_1_mean: 2276.296148962828
Flux_dis_10_mean: 1300.5379507009645
Flux_dis_20_1_mean: 1613.5963380168046
Flux_dis_20_mean: 1157.5806000512528
Flux_selected_10b_mean: 155.7577903540398
Flux_selected_20b_mean: 140.2885032226715
Global_mean_flux_10: 231.38363322699485
Global_mean_flux_20: 174.9866748457748
Global_mean_flux_dis_10: 3446.9528681850406
Global_mean_flux_dis_20: 2531.5082615490824
Global_mean_flux_dis_selected_10: 5528.015227360699
Global_mean_flux_dis_selected_20: 4057.6784743905505
Global_mean_flux_selected_10: 401.4158711574342
Global_mean_flux_selected_20: 334.2587143321851
