Flux_10b_mean: 94.86823473562501
Flux_20b_mean: 81.72763705284186
Flux_dis_10_1_mean: 2011.0699595212045
Flux_dis_10_mean: 1268.151744576668
Flux_dis_20_1_mean: 1368.0827572807516
Flux_dis_20_mean: 1024.0203352706521
Flux_selected_10b_mean: 169.52192321524888
Flux_selected_20b_mean: 146.126403882585
