Flux_10b_mean: 310.02165710920895
Flux_20b_mean: 182.4727155734114
Flux_dis_10_1_mean: 4901.565586292814
Flux_dis_10_mean: 4707.895721491118
Flux_dis_20_1_mean: 6114.459349779767
Flux_dis_20_mean: 2770.9758245512307
Flux_selected_10b_mean: 322.7750943070323
Flux_selected_20b_mean: 476.69003855614835
Global_mean_flux_10: 231.38363322699485
Global_mean_flux_20: 174.9866748457748
Global_mean_flux_dis_10: 3446.9528681850406
Global_mean_flux_dis_20: 2531.5082615490824
Global_mean_flux_dis_selected_10: 5528.015227360699
Global_mean_flux_dis_selected_20: 4057.6784743905505
Global_mean_flux_selected_10: 401.4158711574342
Global_mean_flux_selected_20: 334.2587143321851
