Flux_10b_mean: 39.69397833830577
Flux_20b_mean: 109.46388727787992
Flux_dis_10_1_mean: 3056.0865592498276
Flux_dis_10_mean: 602.7808267666984
Flux_dis_20_1_mean: 1865.418765034909
Flux_dis_20_mean: 1575.546284122921
Flux_selected_10b_mean: 212.27146978685772
Flux_selected_20b_mean: 136.16389863188394
Global_mean_flux_10: 231.38363322699485
Global_mean_flux_20: 174.9866748457748
Global_mean_flux_dis_10: 3446.9528681850406
Global_mean_flux_dis_20: 2531.5082615490824
Global_mean_flux_dis_selected_10: 5528.015227360699
Global_mean_flux_dis_selected_20: 4057.6784743905505
Global_mean_flux_selected_10: 401.4158711574342
Global_mean_flux_selected_20: 334.2587143321851
